S00117_Actual,S00117_Simulated,S1151_Actual,S1151_Simulated
1.791759469228055,1.3003772873935853,2.3978952727983707,3.1027931111671934
1.8718021769015913,0.21291788759460073,2.3978952727983707,2.3962464836519897
1.9459101490553132,2.1902918497380393,2.3978952727983707,4.589484347263147
